clear; clc;

L4L = [
                                                        -0.8916807174682617...
                                                        0.44025322794914248...
                                                        0.10527050495147705...
                                                        36.44517517089844;
                                                        0.4526359438896179...
                                                        0.8697887659072876...
                                                        0.19643960893154145...
                                                        71.32496643066406;
                                                        -0.005079835653305054...
                                                        0.2228107452392578...
                                                        -0.9748483896255493...
                                                        57.942874908447269;
                                                        0.0...
                                                        0.0...
                                                        0.0...
                                                        1.0
                                                    ];
L4R = [
                                                        -0.8672599196434021...
                                                        -0.4820042848587036...
                                                        0.124617800116539...
                                                        -22.235435485839845;
                                                        -0.4488470256328583...
                                                        0.8652964234352112...
                                                        0.22315695881843568...
                                                        72.0579605102539;
                                                        -0.2153930813074112...
                                                        0.13760165870189668...
                                                        -0.9667842388153076...
                                                        49.73179244995117;
                                                        0.0...
                                                        0.0...
                                                        0.0...
                                                        1.0
                                                    ];
L5L = [
                                                        -0.8851682543754578...
                                                        0.4055793881416321...
                                                        0.2279960811138153...
                                                        39.54673767089844;
                                                        0.4636693298816681...
                                                        0.7283406257629395...
                                                        0.5045104026794434...
                                                        77.57245635986328;
                                                        0.038560688495635989...
                                                        0.5522915124893189...
                                                        -0.8327587246894836...
                                                        32.99555206298828;
                                                        0.0...
                                                        0.0...
                                                        0.0...
                                                        1.0
                                                    ];
L5R = [
                                                        -0.9393515586853027...
                                                        -0.3427359461784363...
                                                        0.012205456383526326...
                                                        -24.0616512298584;
                                                        -0.2957202196121216...
                                                        0.8274893164634705...
                                                        0.477295845746994...
                                                        83.60063934326172;
                                                        -0.1736859828233719...
                                                        0.44474002718925478...
                                                        -0.8786581158638...
                                                        29.178319931030275;
                                                        0.0...
                                                        0.0...
                                                        0.0...
                                                        1.0
                                                    ];
S1L = [
                                                        -0.8169090151786804...
                                                        0.5182524919509888...
                                                        0.2531270682811737...
                                                        52.03282165527344;
                                                        0.567575216293335...
                                                        0.6443043947219849...
                                                        0.5125721096992493...
                                                        96.3901138305664;
                                                        0.10255149751901627...
                                                        0.5623937845230103...
                                                        -0.8204858303070068...
                                                        15.857623100280762;
                                                        0.0...
                                                        0.0...
                                                        0.0...
                                                        1.0
                                                    ];
S1R = [
                                                        -0.9900496602058411...
                                                        -0.1405363380908966...
                                                        0.0070732831954956059...
                                                        -20.67624282836914;
                                                        -0.1257553994655609...
                                                        0.9062309265136719...
                                                        0.403647243976593...
                                                        110.51985168457031;
                                                        -0.06313693523406983...
                                                        0.39874181151390078...
                                                        -0.9148874878883362...
                                                        10.358166694641114;
                                                        0.0...
                                                        0.0...
                                                        0.0...
                                                        1.0
                                                    ];



figure;
hold on;
quiver3(L4L(1,4), L4L(2,4), L4L(3,4), L4L(1,2)*100, L4L(2,2)*100, L4L(3,2)*100, 0, 'r', 'LineWidth', 2, 'DisplayName',"L4L");
quiver3(L4R(1,4), L4R(2,4), L4R(3,4), L4R(1,2)*100, L4R(2,2)*100, L4R(3,2)*100, 0, 'r', 'LineWidth', 2, "DisplayName", "L4R");
quiver3(L5L(1,4), L5L(2,4), L5L(3,4), L5L(1,2)*100, L5L(2,2)*100, L5L(3,2)*100, 0, 'g', 'LineWidth', 2, "DisplayName", "L5L");
quiver3(L5R(1,4), L5R(2,4), L5R(3,4), L5R(1,2)*100, L5R(2,2)*100, L5R(3,2)*100, 0, 'g', 'LineWidth', 2, "DisplayName", "L5R");
quiver3(S1L(1,4), S1L(2,4), S1L(3,4), S1L(1,2)*100, S1L(2,2)*100, S1L(3,2)*100, 0, 'b', 'LineWidth', 2, "DisplayName", "S1L");
quiver3(S1R(1,4), S1R(2,4), S1R(3,4), S1R(1,2)*100, S1R(2,2)*100, S1R(3,2)*100, 0, 'b', 'LineWidth', 2, "DisplayName", "S1R");
view(3)
axis equal

grid on
legend

