clc; clear
left_hippo = [
                                                    0.95374596118927...
                                                    -0.15610302984714509...
                                                    0.25690558552742007...
                                                    18.631818771362306;
                                                    -0.15610302984714509...
                                                    0.47316688299179079...
                                                    0.8670322895050049...
                                                    -16.70216178894043;
                                                    -0.25690558552742007...
                                                    -0.8670322895050049...
                                                    0.4269128441810608...
                                                    -16.109909057617189;
                                                    0.0...
                                                    0.0...
                                                    0.0...
                                                    1.0
                                                ];
left_amygdala = [
                                                    -0.08761823177337647...
                                                    -0.15086296200752259...
                                                    0.9846641421318054...
                                                    14.218682289123536;
                                                    -0.15086296200752259...
                                                    0.9790738821029663...
                                                    0.13658224046230317...
                                                    -14.457051277160645;
                                                    -0.9846641421318054...
                                                    -0.13658224046230317...
                                                    -0.10854434967041016...
                                                    -9.672499656677246;
                                                    0.0...
                                                    0.0...
                                                    0.0...
                                                    1.0
                                                ];

figure;
hold on;
% quiver3(left_hippo(1,4), left_hippo(2,4), left_hippo(3,4), left_hippo(1,2)*100, left_hippo(2,2)*100, left_hippo(3,2)*100, 0, 'LineWidth', 2, 'DisplayName',"left\_hippo");
% quiver3(left_amygdala(1,4), left_amygdala(2,4), left_amygdala(3,4), left_amygdala(1,2)*100, left_amygdala(2,2)*100, left_amygdala(3,2)*100, 0, 'LineWidth', 2, 'DisplayName',"left\_amygdala");
quiver3(377.8176, -590.4022, 276.9358, 0.9852*100, 0.1073*100, -0.1333*100 , 0, 'LineWidth', 2, 'DisplayName',"left\_hippo" )
quiver3(380.1911, -583.5496, 273.2800, 0.4810*100, -0.4597*100, 0.7466*100, 0, 'LineWidth', 2, 'DisplayName',"left\_amygdala")
view(3)
axis equal

grid on
legend

